2009.95
2010.45
2010.52
2010.61
2010.73
2010.77
2010.81
2010.84
2010.90
2010.93
2010.97
2011.00
2011.03
2011.05
2011.07
2011.09
2011.13
2011.17
2011.18
2011.20
2011.23
2011.26
2011.28
2011.30
2011.33
2011.35
2011.36
2011.39
2011.43
2011.45
2011.48
2011.52
2011.53
2011.61
2011.62
2011.64
2011.68
2011.73
2011.74
2011.77
2011.89
2011.92
2011.95
2011.99
2012.01
2012.07
2012.11
2012.16
2012.19
2012.22
2012.25
2012.34
2012.37
2012.43
2012.47
2012.52
2012.56
2012.58
2012.63
2012.68
2012.84
2012.89
2012.95
2012.97
2013.02
2013.28
