0.99839
0.99819
1.00075
0.99954
0.99958
1.00002
1.00025
0.99848
0.99924
0.99978
1.00143
1.00087
1.00147
1.0005
0.00227
1.00003
1.0001
1.00083
1.0001
1.00083
0.00079
1.0007
1.00012
0.99989
1.00052
1.0001
1.00066
1.00105
1.00083
0.99812
0.99869
0.99859
0.99902
0.99932
0.99929
1.0008
0.99986
0.99715
0.99817
0.99947
0.99977
0.9983
1.00007
1.00065
1.00004
1.00576
1.0062
0.99933
0.998
0.99949
0.9995
1.00026
1.00038
0.99934
1.00036
0.99904
0.99998
1.00021
1.00123
1.00141
1.00021
0.99918
0.99904
1.00098
1.00097
1.00129
1.0013
1.00022
0.999
0.99889
0.99952
0.99875
0.9998
1.00027
1.00033
1.00119
0.99938
1.00031
1.00072
1.00112
0.99941
0.99965
0.99964
0.99911
0.99965
0.99915
1.00096
1.00141
1.00153
0.99953
0.99979
0.9999
0.9999
0.99934
0.99851
0.99834
0.99907
0.99877
1.00015
1.000125
1.000041
0.9998
1.00151
1.00159
1.00167
0.99959
1.00044
1.00255
1.00167
1.00064
1.00059
1.000287
1.00444
1.0002
0.99947
0.99859
0.99829
0.9985
0.99992
0.99957
1.0001
0.99651
0.99703
0.99831
0.9967
0.99612
1.0001
0.99855
0.99926
0.99753
0.99686
0.99701
0.99887
0.99744
0.99865
0.99995
0.99696
0.99996
0.99938
0.99934
0.99958
0.99872
0.99934
0.99924
0.99857
0.99968
1.00126
1.00104
1.00039
1.00186
1.00057
1.00137
1.00184
1.00147
1.00116
1.00158
0.99945
0.99969
1.00165
1.00234
0.00168
1.00142
1.0012
1.000346
1.00271
1.00053
0.99971
1.00068
1.00119
1.00033
0.99881
1.00133
1.00093
1.00108
1.00243
1.00147
0.99864
0.99995
1.0007
0.99965
0.9988
0.99849
0.99967
0.99958
1.00048
0.99822
0.99954
0.99673
0.99994
0.99926
0.99873
1.00012
0.99992
0.99948
0.99822
0.99849
0.99955
0.99994
1.0009
0.99952
1.0011
1.00009
1.0034
1.00032
0.99931
0.99937
0.99937
0.99841
0.99921
1.00027
1.00031
0.99979
1.00027
1.00228
1.0003
0.99967
1.00067
1.00123
0.00169
0.00098
1.00087
1.00169
1.00103
1.00098
0.99986
1.0005
0.99993
1.00034
0.99716
0.99822
0.99852
0.9993
0.99955
1.00027
1.00036
0.99944
0.99911
0.99928
0.99958
0.99924
0.99926
1.00006
0.99911
1.00034
0.99967
0.99921
0.99991
0.99973
0.99951
0.99956
0.99904
0.99957
1.00031
1.0001
1.00118
1.00085
1.00086
1.00049
1.00055
1.0012
0.9985
0.99809
0.99932
1.0018
0.99932
0.99973
1.00002
0.99995
1.00042
1.00065
1.00003
0.99952
0.9997
0.99987
0.99951
0.99996
1.00079
1.00055
1.00146
1.0005
0.99978
1.00101
1.00112
1.00019
1.00003
1.00064
1.00055
1.00087
1.00181
1.00127
0.99952
1.00015
1.00114
0.99998
1.00045
0.99841
0.99884
1.00075
1.00069
1.00008
0.00043
1.00004
0.99964
0.99907
0.99974
0.9999
0.99923
1.0003
1.00026
1.00036
0.99961
1.00054
0.99994
1.00125
1.00166
1.00042
1.00056
1.00069
1.00063
1.00097
1.00002
1.00081
1.00088
1.0004
0.99848
0.99478
0.99423
1.00103
0.99984
1.00007
1.00096
0.99976
1.00078
1.00071
1.00081
0.99963
1.00007
1.00004
1.00032
0.99884
0.99947
0.99945
0.99991
1.00229
0.99953
0.99936
0.99965
0.99936
0.99945
0.99944
0.99981
0.99886
1.00007
1.00017
1.00022
0.99853
1.00153
0.9999
0.99989
0.99977
1.0005
1.00083
0.99919
1.00049
1.00044
