1982.1055		
 	1982.1083	
	1982.1383	
	1982.1627	
	1982.165	
	1982.1678	
	1982.1706	
	1982.2207		
	1982.2231	
	1982.2254
        1982.228	
	1982.2791	
	1982.282	
	1982.2828	
	1982.2855	
	1982.3351	
	1982.3378	
	1982.3403	
	1982.3378	
	1982.3403	
	1982.343	
	1982.3923	
	1982.395	
	1982.3977	
	1982.4005	
	1982.4498	
	1982.4525	
	1982.4552	
	1982.458	
	1982.5021	
	1982.5047	
	1982.5074	
	1982.512	
	1982.5611	
	1982.5625	
	1982.5648	
	1982.5675	
	1982.5976	
	1982.6008	
	1982.6032	
	1982.6058	
	1982.6606	
	1982.6633	
	1982.6661	
	1982.6688	
	1982.7625	
	1982.7649	
	1982.7674	
	1982.7706		
	1982.7747	
	1982.8294	
	1982.8322	
	1982.8333	
	1982.8358	
	1982.8859	
	1982.8883	
	1982.8909
	1982.8933	
	1982.9509	
	1982.9536	
	1982.9563	
	1982.9592	
	1982.9628
	1983.0083	
	1983.011	
	1983.0138	
	1983.0165
	1983.0211
	1983.0621	
	1983.0658	
	1983.0713	
	1983.074	
	1983.0772	
	1983.1205	
	1983.1233	
	1983.1261	
	1983.1288	
	1983.1753	
	1983.178	
	1983.1808	
	1983.1616	
	1983.2333	
	1983.2359	
	1983.2383	
	1983.241	
	1983.2438	
	1983.3177	
	1983.3205	
	1983.3231	
	1983.3276	
	1983.3688	
	1983.3697	
	1983.3724	
	1983.3752	
	1983.4272	
	1983.4327	
	1983.4355	
	1983.4381	
	1983.481	
	1983.4838	
	1983.4849	
	1983.4875	
	1983.5399	
	1983.5449	
	1983.5477	
	1983.5504	
	1983.6956	
	1983.701	
	1983.8023	
	1983.8068	
	1983.8087	
	1983.8789	
	1983.8819	
	1983.8861	
	1983.888	
	1983.8906	
	1983.9638	
	1983.9666	
	1983.9857	
	1983.9884	
	1983.9912	
	1983.9939	
	1984.0651	
	1984.0678	
	1984.0706	
	1984.0751	
	1984.0762	
	1984.0788	
	1984.0843	
	1984.087	
	1984.1555	
	1984.1664	
	1984.171	
	1984.1737	
	1984.2514	
	1984.254	
	1984.2567	
	1984.2704	
	1984.3257	
	1984.328	
	1984.3307	
	1984.3333	
	1984.4046	
	1984.4073	
	1984.413	
	1984.4128	
	1984.4867	
	1984.4894	
	1984.4922	
	1984.4967	
	1984.4995	
	1984.5761	
	1984.5771	
	1984.5798	
	1984.5825	
	1984.6592	
	1984.662	
	1984.6692	
	1984.672	
	1984.7295	
	1984.7305	
	1984.7331	
	1984.7359	
	1984.7413	
	1984.7442	
	1984.7486	
	1984.7498	
	1984.8289	
	1984.8317	
	1984.8344	
	1984.8371	
	1984.8417	
	1984.9019	
	1984.903	
	1984.9056	
	1984.9083	
	1984.9111	
	1984.9976	
	1984.9988	
	1985.0017	
	1985.0042	
	1985.0744	
	1985.0781	
	1985.0808	
	1985.0836	
	1985.0863	
	1985.152	
	1985.1547	
	1985.1575	
	1985.1602	
	1985.1629	
	1985.2563	
	1985.2588	
	1985.267	
	1985.2698	
	1985.3492	
	1985.3518	
	1985.3546	
	1985.3576	
	1985.4395	
	1985.4424	
	1985.4506	
	1985.4531	
	1985.4558	
	1985.5654	
	1985.570	
	1985.5727	
	1985.5928	
	1985.6531	
	1985.6558	
	1985.6585	
	1985.6612	
	1985.7216
	1985.726
	1985.7272	
	1985.7297	
	1985.8027	
	1985.8037	
	1985.8064	
	1985.8091	
	1985.8766	
	1985.8793	
	1985.8803	
	1985.883	
	1985.9533	
	1985.9544	
	1985.9598	
	1985.9625	
	1986.0363	
	1986.039	
	1986.0418	
	1986.0446	
	1986.1595	
	1986.1641	
	1986.1668	
	1986.2554	
	1986.2581	
	1986.2626	
	1986.3485	
	1986.3512	
	1986.3557	
	1986.436	
	1986.4388	
	1986.4414	
	1986.4442	
	1986.5948	
	1986.5975	
	1986.6003	
	1986.7428	
	1986.7454	
	1986.7481	
	1986.8211	
	1986.8221	
	1986.8248	
	1986.9069	
	1986.9097	
	1986.9143	
	1986.9233	
	1986.9261	
	1986.9307	
	1987.0165	
	1987.0192	
	1987.022	
	1987.0265	
	1987.0329	
	1987.0356	
	1987.0383	
	1987.0411
	1987.1251	
	1987.126	
	1987.1287	
	1987.1314	
	1987.2027	
	1987.2054	
	1987.2081	
	1987.2875	
	1987.2902	
	1987.293	
	1987.356	
	1987.3587	
	1987.3614	
	1987.4627	
	1987.4673	
	1987.471	
	1987.5668	
	1987.5695	
	1987.5722	
	1987.7342	
	1987.7383	
	1987.7393	
	1987.846	
	1987.8506	
        1987.8533	
	1987.9502	
	1987.9528	
	1987.9583	
	1987.9591	
	1987.9618	
	1987.9655	
	1988.0486	
	1988.0595	
	1988.0641	
	1988.1499	
	1988.1526	
	1988.1572	
	1988.2403	
	1988.243	
	1988.2458	
	1988.3388	
	1988.3415	
        1988.3442	
	1988.4373	
	1988.4401	
	1988.4428	
	1988.4455	
	1988.5441	
	1988.5468	
	1988.5489	
	1988.6372	
	1988.6399	
	1988.6427	
	1988.7112	
	1988.7138	
	1988.7166	
	1988.8234	
	1988.8225	
	1988.8307	
	1988.8945	
	1988.8973	
	1988.95	
	1988.9329	
	1988.9357	
	1988.9383	
	1988.9419	
	1989.0123	
	1989.015	
	1989.0196	
	1989.0224	
	1989.0999	
	1989.1026	
	1989.1053	
	1989.1883	
	1989.1921	
	1989.1948	
	1989.1961	
	1989.2587	
	1989.2614	
	1989.2715	
	1989.2725	
	1989.2753	
	1989.4257	
	1989.4285	
	1989.4311	
	1989.4339	
	1989.4367	
	1989.444	
	1989.5211	
	1989.5242	
	1989.527	
	1989.5297	
	1989.718	
	1989.9105	
	1989.9131	
	1989.9258	
	1989.9294	
