0.999733257
1.000022883
0.999966278
0.999784641
0.999916028
0.999959151
0.999916028
0.999892712
0.999950642
0.99976848
0.99994078
0.99978127
1.000032856
1.00012855
1.000075565
0.999930973
0.999979235
0.999954482
0.999893043
1.00000255
0.999918017
0.999959759
0.999932216
0.999937879
1.000021032
0.999998351
0.999996998
0.999995064
1.000044983
0.999953432
0.999972052
1.000096864
1.000060757
1.000051641
0.999952769
1.000018242
0.999837424
0.99999476
0.999997357
1.000051337
0.999990506
0.999887159
1.000105179
0.999883595
0.99988365
0.999975864
1.000024872
0.999935945
1.000020783
0.999985174
1.000148441
1.000013297
1.000124324
1.000142363
1.000084985
1.000115069
1.000178746
1.000086974
1.000112058
1.000117086
1.000164159
1.000102582
1.000126948
1.000171149
1.000041751
1.000157004
